junk nchani nbin I Q U V
0 0 0 20017.5 -1457.4 -1183.74 -2238.5
0 0 1 19080.8 1480.7 -2014.66 3802.28
0 0 2 14885.2 -2077.44 -2975.35 1107.54
0 0 3 18198.1 -1140.35 432.925 1101.65
0 0 4 21903.3 222.385 4191.09 128.028
0 0 5 19206.7 -528.657 -869.169 227.746
0 0 6 20313.6 3151.75 -1842.77 -1656.29
0 0 7 18558.9 -346.402 -775.07 -1957.02
0 0 8 17789.7 -1131.62 -902.8 -1534.59
0 0 9 17798.2 -4181.72 1014.5 1153.08
0 2431 502 23243.1 -12056.3 -1937.13 2898.73
0 2431 503 24430.1 -14438.4 -5228.52 -1429.95
0 2431 504 25815.4 -17631.7 -2566.5 810.818
0 2431 505 24225.6 -14603.3 -4115.11 -3235.35
0 2431 506 23199.4 -15900 -2867.62 -1544.34
0 2431 507 21075.4 -12240.8 -7669.64 -561.89
0 2431 508 22335.7 -12551.4 -3616.74 1416.27
0 2431 509 17432 -10985.1 -152.507 -2529.77
0 2431 510 19365 -10577.5 -2354.52 3.44019
0 2431 511 22241.4 -13063.8 -9164 476.925
