#in MJD
58377.429721
58410.3465642
58410.346565
58426.2941344
58426.3008838
58442.2517491
58474.1700757
58475.164549
58477.165572
58478.1588911
58509.0665441
58621.7564124
58621.7615436
58622.7402436
58622.7531585
58622.7544165
58637.7118775
58638.7134735
58639.7026712
58639.7071386
58704.5353099
58705.5346122
58720.493026
58720.4955179
58720.4955186
58720.4966972
58786.3194731
58786.3249796
58835.1772103
58836.1759179
58836.1784575
58836.1784579
58868.0782985
58882.0483856
58883.0414667
58883.0430711
58883.0455698
58883.0552353
