   -1.9968      0.856653
   -1.9866      0.827152
   -1.9763      0.848959
   -1.9661      0.863570
   -1.9558      0.855627
   -1.9456      0.857384
   -1.9354      0.848239
   -1.9251      0.847429
   -1.9149      0.853610
   -1.9046      0.848846
   -1.8944      0.828342
   -1.8842      0.852353
   -1.8739      0.864811
   -1.8637      0.855837
   -1.8534      0.849424
   -1.8432      0.860607
   -1.8330      0.855129
   -1.8227      0.848353
   -1.8125      0.845667
   -1.8022      0.835832
   -1.7920      0.853372
   -1.7818      0.853950
   -1.7715      0.851423
   -1.7613      0.852364
   -1.7510      0.851712
   -1.7408      0.847633
   -1.7306      0.854149
   -1.7203      0.837532
   -1.7101      0.857112
   -1.6998      0.851355
   -1.6896      0.851101
   -1.6794      0.861333
   -1.6691      0.852681
   -1.6589      0.855338
   -1.6486      0.852245
   -1.6384      0.839158
   -1.6282      0.856092
   -1.6179      0.841004
   -1.6077      0.847696
   -1.5974      0.842302
   -1.5872      0.851389
   -1.5770      0.855729
   -1.5667      0.864454
   -1.5565      0.847509
   -1.5462      0.861888
   -1.5360      0.852715
   -1.5258      0.853372
   -1.5155      0.853718
   -1.5053      0.847248
   -1.4950      0.865179
   -1.4848      0.849344
   -1.4746      0.858046
   -1.4643      0.858925
   -1.4541      0.858930
   -1.4438      0.867219
   -1.4336      0.852953
   -1.4234      0.854658
   -1.4131      0.860143
   -1.4029      0.851378
   -1.3926      0.841027
   -1.3824      0.842783
   -1.3722      0.861973
   -1.3619      0.846200
   -1.3517      0.850636
   -1.3414      0.866222
   -1.3312      0.855474
   -1.3210      0.854347
   -1.3107      0.860454
   -1.3005      0.864721
   -1.2902      0.848942
   -1.2800      0.856647
   -1.2698      0.849084
   -1.2595      0.844999
   -1.2493      0.846324
   -1.2390      0.841339
   -1.2288      0.843979
   -1.2186      0.855599
   -1.2083      0.856336
   -1.1981      0.853865
   -1.1878      0.865899
   -1.1776      0.846075
   -1.1674      0.847208
   -1.1571      0.841599
   -1.1469      0.857123
   -1.1366      0.859418
   -1.1264      0.845135
   -1.1162      0.839645
   -1.1059      0.851174
   -1.0957      0.861282
   -1.0854      0.833124
   -1.0752      0.848500
   -1.0650      0.860976
   -1.0547      0.854755
   -1.0445      0.849882
   -1.0342      0.846370
   -1.0240      0.852205
   -1.0138      0.859231
   -1.0035      0.847259
   -0.9933      0.854653
   -0.9830      0.854970
   -0.9728      0.849327
   -0.9626      0.855854
   -0.9523      0.846517
   -0.9421      0.855803
   -0.9318      0.841072
   -0.9216      0.855673
   -0.9114      0.852047
   -0.9011      0.849129
   -0.8909      0.857123
   -0.8806      0.853072
   -0.8704      0.863689
   -0.8602      0.858919
   -0.8499      0.859095
   -0.8397      0.852120
   -0.8294      0.863808
   -0.8192      0.860936
   -0.8090      0.849067
   -0.7987      0.862670
   -0.7885      0.848517
   -0.7782      0.849826
   -0.7680      0.851254
   -0.7578      0.841968
   -0.7475      0.859559
   -0.7373      0.862420
   -0.7270      0.854256
   -0.7168      0.865672
   -0.7066      0.856324
   -0.6963      0.862222
   -0.6861      0.866596
   -0.6758      0.855066
   -0.6656      0.851701
   -0.6554      0.868624
   -0.6451      0.864839
   -0.6349      0.852800
   -0.6246      0.861570
   -0.6144      0.855554
   -0.6042      0.852704
   -0.5939      0.849446
   -0.5837      0.845673
   -0.5734      0.850619
   -0.5632      0.856052
   -0.5530      0.862913
   -0.5427      0.854845
   -0.5325      0.856845
   -0.5222      0.854579
   -0.5120      0.839939
   -0.5018      0.866641
   -0.4915      0.857202
   -0.4813      0.858653
   -0.4710      0.861950
   -0.4608      0.856862
   -0.4506      0.838693
   -0.4403      0.847316
   -0.4301      0.851372
   -0.4198      0.861859
   -0.4096      0.848041
   -0.3994      0.842721
   -0.3891      0.855860
   -0.3789      0.840580
   -0.3686      0.861129
   -0.3584      0.869593
   -0.3482      0.855565
   -0.3379      0.866454
   -0.3277      0.854228
   -0.3174      0.856511
   -0.3072      0.851282
   -0.2970      0.852891
   -0.2867      0.879536
   -0.2765      0.867094
   -0.2662      0.859474
   -0.2560      0.850704
   -0.2458      0.862641
   -0.2355      0.868947
   -0.2253      0.856800
   -0.2150      0.869519
   -0.2048      0.855406
   -0.1946      0.866199
   -0.1843      0.875916
   -0.1741      0.881071
   -0.1638      0.902827
   -0.1536      0.890402
   -0.1434      0.927591
   -0.1331      0.922725
   -0.1229      0.924843
   -0.1126      0.930022
   -0.1024      0.936316
   -0.0922      0.972259
   -0.0819      0.952701
   -0.0717      0.957069
   -0.0614      0.993278
   -0.0512      0.993980
   -0.0410      0.999300
   -0.0307      0.966032
   -0.0205      0.998524
   -0.0102      0.996252
    0.0000      1.002130
    0.0102      0.987119
    0.0205      0.962378
    0.0307      0.971199
    0.0410      0.974870
    0.0512      0.978802
    0.0614      0.966327
    0.0717      0.960854
    0.0819      0.959137
    0.0922      0.951964
    0.1024      0.945273
    0.1126      0.932957
    0.1229      0.923603
    0.1331      0.941812
    0.1434      0.937738
    0.1536      0.932571
    0.1638      0.917495
    0.1741      0.921319
    0.1843      0.917070
    0.1946      0.898720
    0.2048      0.929688
    0.2150      0.899887
    0.2253      0.888510
    0.2355      0.899836
    0.2458      0.901071
    0.2560      0.888420
    0.2662      0.890663
    0.2765      0.884550
    0.2867      0.879015
    0.2970      0.899422
    0.3072      0.886431
    0.3174      0.873089
    0.3277      0.867049
    0.3379      0.880499
    0.3482      0.876941
    0.3584      0.877870
    0.3686      0.866936
    0.3789      0.880590
    0.3891      0.873598
    0.3994      0.874454
    0.4096      0.874301
    0.4198      0.863536
    0.4301      0.871310
    0.4403      0.855044
    0.4506      0.857718
    0.4608      0.862800
    0.4710      0.865117
    0.4813      0.856284
    0.4915      0.858477
    0.5018      0.859338
    0.5120      0.862273
    0.5222      0.857944
    0.5325      0.862426
    0.5427      0.850874
    0.5530      0.856386
    0.5632      0.865304
    0.5734      0.845344
    0.5837      0.858681
    0.5939      0.850449
    0.6042      0.849463
    0.6144      0.851701
    0.6246      0.845616
    0.6349      0.843157
    0.6451      0.851208
    0.6554      0.859973
    0.6656      0.850812
    0.6758      0.849123
    0.6861      0.853327
    0.6963      0.845730
    0.7066      0.847752
    0.7168      0.856058
    0.7270      0.865820
    0.7373      0.846602
    0.7475      0.845588
    0.7578      0.847758
    0.7680      0.839016
    0.7782      0.854534
    0.7885      0.847231
    0.7987      0.853627
    0.8090      0.828450
    0.8192      0.855452
    0.8294      0.862392
    0.8397      0.849050
    0.8499      0.864653
    0.8602      0.850194
    0.8704      0.854596
    0.8806      0.851106
    0.8909      0.850404
    0.9011      0.842568
    0.9114      0.851848
    0.9216      0.850483
    0.9318      0.858579
    0.9421      0.854228
    0.9523      0.855933
    0.9626      0.827662
    0.9728      0.836177
    0.9830      0.847356
    0.9933      0.858335
    1.0035      0.847769
    1.0138      0.832053
    1.0240      0.852727
    1.0342      0.845191
    1.0445      0.844908
    1.0547      0.842749
    1.0650      0.858919
    1.0752      0.851344
    1.0854      0.850846
    1.0957      0.848931
    1.1059      0.849050
    1.1162      0.858528
    1.1264      0.840257
    1.1366      0.846205
    1.1469      0.827141
    1.1571      0.852891
    1.1674      0.843497
    1.1776      0.844761
    1.1878      0.856211
    1.1981      0.849939
    1.2083      0.844528
    1.2186      0.868528
    1.2288      0.858709
    1.2390      0.852466
    1.2493      0.840716
    1.2595      0.867151
    1.2698      0.850160
    1.2800      0.842002
    1.2902      0.856692
    1.3005      0.848965
    1.3107      0.859361
    1.3210      0.861644
    1.3312      0.858279
    1.3414      0.852874
    1.3517      0.845854
    1.3619      0.844982
    1.3722      0.853956
    1.3824      0.850160
    1.3926      0.841123
    1.4029      0.844676
    1.4131      0.844455
    1.4234      0.843395
    1.4336      0.859933
    1.4438      0.851967
    1.4541      0.841599
    1.4643      0.838353
    1.4746      0.837537
    1.4848      0.855095
    1.4950      0.843798
    1.5053      0.848279
    1.5155      0.847543
    1.5258      0.857350
    1.5360      0.845429
    1.5462      0.854834
    1.5565      0.836744
    1.5667      0.860868
    1.5770      0.852392
    1.5872      0.848460
    1.5974      0.847242
    1.6077      0.854919
    1.6179      0.846302
    1.6282      0.849661
    1.6384      0.852772
    1.6486      0.842087
    1.6589      0.838500
    1.6691      0.842308
    1.6794      0.853633
    1.6896      0.850013
    1.6998      0.852415
    1.7101      0.853520
    1.7203      0.850013
    1.7306      0.854058
    1.7408      0.844755
    1.7510      0.842245
    1.7613      0.863451
    1.7715      0.854290
    1.7818      0.853786
    1.7920      0.851446
    1.8022      0.846942
    1.8125      0.858126
    1.8227      0.845146
    1.8330      0.857129
    1.8432      0.865616
    1.8534      0.854528
    1.8637      0.861961
    1.8739      0.850409
    1.8842      0.851423
    1.8944      0.858460
    1.9046      0.865406
    1.9149      0.834937
    1.9251      0.856732
    1.9354      0.855792
    1.9456      0.838988
    1.9558      0.845435
    1.9661      0.864086
    1.9763      0.844727
    1.9866      0.853106
    1.9968      0.841962
